experiment,n,time,repetitions,Gflops/s,GByte/s
vanilla, 50, 0.567553, 4, 1.55052, 12.4041
vanilla, 100, 0.31798, 1, 2.76747, 22.1398
vanilla, 150, 0.737033, 1, 2.68645, 21.4916
vanilla, 200, 1.33198, 1, 2.64268, 21.1414
vanilla, 250, 2.09921, 1, 2.62003, 20.9602
vanilla, 300, 3.04286, 1, 2.60282, 20.8225
vanilla, 350, 4.16376, 1, 2.589, 20.712
vanilla, 400, 5.4632, 1, 2.57724, 20.618
vanilla, 500, 8.58384, 1, 2.56296, 20.5037
vanilla, 800, 22.5028, 1, 2.5028, 20.0224
vanilla, 1000, 34.984, 1, 2.51544, 20.1235
vanilla, 1500, 79.1072, 1, 2.50293, 20.0235
vanilla, 2000, 145.663, 1, 2.41654, 19.3323
vanilla, 2500, 221.645, 1, 2.48144, 19.8515
vanilla, 3000, 319.926, 1, 2.47557, 19.8046
omp parllel, 50, 0.28017, 4, 3.14095, 25.1276
omp parllel, 100, 0.497399, 4, 7.07681, 56.6145
omp parllel, 150, 0.299213, 2, 13.2347, 105.878
omp parllel, 200, 0.274376, 1, 12.8291, 102.633
omp parllel, 250, 0.431253, 1, 12.7535, 102.028
omp parllel, 300, 0.628558, 1, 12.6003, 100.802
omp parllel, 350, 0.847792, 1, 12.7154, 101.723
omp parllel, 400, 1.10408, 1, 12.7527, 102.021
omp parllel, 500, 1.80397, 1, 12.1954, 97.5629
omp parllel, 800, 5.94625, 1, 9.47152, 75.7722
omp parllel, 1000, 9.49932, 1, 9.26382, 74.1106
omp parllel, 1500, 21.6535, 1, 9.14401, 73.1521
omp parllel, 2000, 39.5529, 1, 8.89948, 71.1958
omp parllel, 2500, 62.1505, 1, 8.84949, 70.7959
omp parllel, 3000, 90.6889, 1, 8.73315, 69.8652
